0.027999999
0.05292
0.07585478
0.09769554
0.119181834
0.14094235
0.16352701
0.18743266
0.21312371
0.24104914
0.27165672
0.30540523
0.34277534
0.38427958
0.43047175
0.48195615
0.539397
0.6035279
0.6751622
0.75520366
0.8446583
0.9446472
1.0564203
1.181372
1.3210579
1.4772131
1.6517729
1.846894
2.0649796
2.308704
2.5810404
2.88529
3.22511
3.6045446
4.0280504
4.50052
5.0273
5.6141906
6.267436
6.993679
7.799876
8.693157
9.680598
10.768878
11.963781
13.269485
14.687569
16.215664
17.845667
19.561424
21.335857
23.127546
24.87695
26.502703
27.89879
28.933922
29.454994
29.296902
28.300785
26.34142
23.36142
19.405285
14.641564
9.35981
3.9340305
-1.2430739
-5.835928
-9.625185
-12.530069
-14.591482
-15.930154
-16.700014
-17.051722
-17.111746
-16.975046
-16.706469
-16.346277
-15.916755
-15.428281
-14.884301
-14.285114
-13.630605
-12.922091
-12.16344
-11.361576
-10.526467
-9.670694
-8.8087015
-7.955848
-7.1273847
-6.3374767
-5.598385
-4.9198728
-4.3088818
-3.76947
-3.3029792
-2.9083743
-2.5826893
-2.3215177
-2.1194952
-1.970736
-1.869202
-1.8089935
-1.7845631
-1.7908603
-1.8234167
-1.8783842
-1.9525383
-2.0432553
-2.1484752
-2.2666528
-2.3967066
-2.537966
-2.6901212
-2.853176
-3.027407
-3.2133238
-3.41164
-3.6232426
-3.8491697
-4.090588
-4.3487754
-4.625101
-4.921011
-5.2380056
-5.5776205
-5.9413986
-6.33086
-6.7474594
-7.192536
-7.6672482
-8.172494
-8.708808
-9.276239
-9.874199
-10.50128
-11.155044
-11.831775
-12.526203
-13.231205
-13.937491
-14.633307
-15.304173
-15.932716
-16.49865
-16.978973
-17.348482
-17.580662
-17.64903
-17.528957
-17.1999
-16.647915
-15.86817
-14.867083
-13.66365
-12.289537
-10.787664
-9.209243
-7.6095862
-6.0432754
-4.5594563
-3.198035
-1.9873096
-0.9432483
-0.070269406
0.63688016
1.1906619
1.6081798
1.908871
2.1126564
2.238613
2.3041341
2.3244913
2.3126903
2.2795296
2.2337763
2.1824045
2.1308544
2.0832865
2.0428193
2.0117388
1.9916822
1.9837939
1.9888558
2.0073955
2.0397742
2.0862582
2.1470764
2.2224655
2.3127055
2.4181488
2.5392406
2.6765368
2.8307166
3.0025926
3.1931176
3.4033906
3.63466
3.888325
4.1659346
4.469184
4.799907
5.160065
5.551728
5.9770455
6.438213
6.937415
7.476758
8.058173
8.683294
9.353297
10.068694
10.829076
11.632794
12.476573
13.3550415
14.260203
15.180835
16.101845
17.003649
17.86162
18.645737
19.320585
19.845896
20.177849
20.271336
20.083323
19.577284
18.728428
17.529097
15.993395
14.159876
12.0911665
9.869862
7.5908403
5.3511324
3.2392688
1.3262867
-0.33988333
-1.7359198
-2.8608794
-3.7314236
-4.375982
-4.829133
-5.127023
-5.3041368
-5.391372
-5.4151607
-5.397318
-5.3553386
-5.302917
-5.2505465
-5.206106
-5.1753926
-5.1625767
-5.1705837
-5.201402
-5.2563295
-5.3361664
-5.441366
-5.5721493
-5.728587
-5.910661
-6.118302
-6.3514094
-6.609861
-6.8935003
-7.2021194
-7.535425
-7.892995
-8.2742195
-8.678235
-9.103842
-9.549411
-10.01278
-10.491137
-10.980892
-11.477555
-11.975601
-12.468354
-12.947893
-13.404991
-13.829116
-14.208506
-14.5303545
-14.781123
-14.9470005
-15.014524
-14.971357
-14.807189
-14.514712
-14.090583
-13.536255
-12.858564
-12.069932
-11.188101
-10.235358
-9.237283
-8.221131
-7.214043
-6.2412877
-5.3247585
-4.481888
-3.725066
-3.0615695
-2.4939306
-2.020624
-1.6369343
-1.3358767
-1.1090653
-0.94746494
-0.841992
-0.78395844
-0.76537085
-0.77910763
-0.81900007
-0.87984264
-0.9573553
-1.0481154
-1.1494726
-1.2594588
-1.3766967
-1.5003155
-1.6298727
-1.7652855
-1.9067724
-2.0548027
-2.2100558
-2.373389
-2.5458107
-2.728461
-2.9225974
-3.1295838
-3.3508835
-3.5880544
-3.8427453
-4.116692
-4.4117146
-4.7297087
-5.07264
-5.442526
-5.8414183
-6.2713714
-6.734401
-7.232429
-7.767205
-8.340213
-8.952537
-9.604705
-10.296485
-11.026633
-11.792592
-12.590133
-13.412938
-14.252139
-15.095819
-15.928514
-16.73076
-17.478779
-18.14437
-18.695185
-19.09551
-19.307722
-19.294533
-19.022068
-18.46367
-17.604088
-16.4435
-15.000607
-13.313904
-11.440472
-9.451937
-7.4279556
-5.4482007
-3.5843134
-1.8933456
-0.41380858
0.8352523
1.8524874
2.6506374
3.252129
3.684781
3.9782104
4.1612077
4.26007
4.297742
4.293545
4.263291
4.2196155
4.172407
4.1292567
4.0958858
4.076527
4.074253
4.091251
4.129049
4.1887
4.2709284
4.376243
4.50503
4.6576185
4.83433
5.035513
5.261563
5.512933
5.790131
6.0937095
6.424243
6.782296
7.1683826
7.582908
8.026101
8.497931
8.998
9.525429
10.078706
10.655524
11.252594
11.865432
12.48814
13.113176
13.7311325
14.330548
14.897784
15.416995
15.870253
16.237875
16.499004
16.632494
16.618116
16.43807
16.078728
15.532451
14.799284
13.888237
12.817871
11.615955
10.318074
8.96524
7.6007643
6.266829
5.001236
3.8348255
2.7898736
1.8795877
1.1085997
0.47421283
-0.031926334
-0.42203507
-0.71052504
-0.91260624
-1.0432276
-1.116351
-1.1445166
-1.1386366
-1.107956
-1.0601236
-1.0013278
-0.9364676
-0.8693326
-0.80277944
-0.7388955
-0.67914623
-0.62450355
-0.57555556
-0.5325991
-0.49571607
-0.46483594
-0.43978584
-0.4203304
-0.40620267
-0.3971279
-0.39284143
-0.39310193
-0.39770076
-0.40646857
-0.41927984
-0.43605572
-0.45676577
-0.48142925
-0.5101158
-0.54294616
-0.5800929
-0.62178135
-0.6682911
-0.7199576
-0.7771747
-0.8403976
-0.91014624
-0.98700976
-1.0716517
-1.1648157
-1.2673321
-1.3801256
-1.504224
-1.6407667
-1.7910161
-1.9563681
-2.1383643
-2.338705
