0.0
2.52E-5
6.887496E-5
1.2826221E-4
2.0321937E-4
2.9549736E-4
4.0839665E-4
5.466736E-4
7.1662257E-4
9.262967E-4
0.001185854
0.0015080313
0.0019087605
0.002407954
0.0030304943
0.0038074753
0.004777759
0.0059899203
0.007504681
0.009397953
0.01176464
0.014723395
0.018422557
0.023047576
0.02883029
0.036060505
0.045100465
0.056402907
0.07053357
0.08819932
0.11028307
0.13788742
0.17238875
0.21550445
0.26937625
0.33667314
0.42071828
0.5256448
0.65658593
0.8199062
1.0234791
1.2770181
1.5924644
1.984433
2.4707096
3.0727813
3.816365
4.731864
5.8546443
7.2249584
8.887256
10.888527
13.275214
16.08814
19.354939
23.079649
27.229786
31.722181
36.41066
41.08044
45.455627
49.225445
52.09057
53.8226
54.320065
53.639465
51.9858
49.66336
47.005577
44.31043
41.80069
39.613472
37.81122
36.40224
35.36142
34.64634
34.207886
33.99625
33.96381
34.06625
34.26279
34.516182
34.7927
35.06229
35.29886
35.480648
35.590584
35.616505
35.551205
35.39221
35.141304
34.80386
34.38799
33.903656
33.36181
32.773613
32.149834
31.500376
30.834011
30.158243
29.479298
28.802193
28.130873
27.468357
26.816908
26.17818
25.553362
24.94329
24.348557
23.769573
23.206648
22.66002
22.129911
21.616539
21.12015
20.641035
20.179546
19.736115
19.31126
18.905615
18.519936
18.155127
17.812262
17.492605
17.197643
16.929115
16.689049
16.479792
16.304062
16.16498
16.066124
16.011562
16.005903
16.05432
16.162575
16.337019
16.584564
16.91261
17.328918
17.841415
18.45789
19.185585
20.030647
20.997435
22.087664
23.299425
24.62611
26.05533
27.567968
29.137533
30.730028
32.30457
33.81492
35.212006
36.447342
37.47704
38.26587
38.790737
39.04293
39.02868
38.76787
38.291225
37.636425
36.844006
35.953598
35.001076
34.016758
33.024666
32.04262
31.082914
30.153244
29.257765
28.398056
27.573946
26.784176
26.026888
25.299969
24.601276
23.92878
23.280632
22.655205
22.051088
21.467087
20.902193
20.35557
19.826529
19.314512
18.819078
18.339888
17.876698
17.429358
16.997807
16.582079
16.182306
15.798728
15.431704
15.081726
14.749442
14.435675
14.141449
13.868025
13.616935
13.390026
13.189514
13.018035
12.8787155
12.775241
12.71194
12.693867
12.726892
12.817796
12.974345
13.205365
13.520777
13.931584
14.449794
15.088218
15.860135
16.778751
17.856407
19.103481
20.526943
22.128569
23.902832
25.834637
27.89713
30.049984
32.238686
34.39539
36.441883
38.294914
39.87367
41.108536
41.949688
42.37368
42.386433
42.021748
41.335617
40.397724
39.282085
38.0588
36.788166
35.517628
34.281242
33.100925
31.988682
30.94911
29.98175
29.083023
28.247705
27.469963
26.74402
26.064562
25.42693
24.827196
24.262169
23.729334
23.226799
22.75322
22.30773
21.88989
21.49964
21.137257
20.803337
20.498775
20.224754
19.982746
19.774506
19.602083
19.467823
19.374363
19.32464
19.321875
19.369556
19.471407
19.631325
19.85331
20.14135
20.499273
20.930553
21.43807
22.023813
22.688534
23.431358
24.24936
25.137133
26.086397
27.085682
28.12014
29.17158
30.218756
31.237976
32.204037
33.091465
33.875984
34.536076
35.054455
35.419277
35.624905
35.672104
35.56769
35.323635
34.95578
34.4824
33.922737
33.295727
32.61899
31.908161
31.17652
30.434912
29.69187
28.953846
28.225538
27.510216
26.810036
26.126322
25.459795
24.810762
24.17926
23.565159
22.96824
22.388252
21.824936
21.27806
20.74743
20.2329
19.734379
19.251833
18.785297
18.334879
17.900764
17.48323
17.082655
16.699528
16.33447
15.988258
15.661839
15.35636
15.073208
14.8140335
14.580802
14.375836
14.20187
14.062109
13.960291
13.900759
13.888528
13.929358
14.029816
14.1973295
14.440218
14.76768
15.189735
15.717079
16.360834
17.132147
18.041616
19.098486
20.309586
21.678009
23.20154
24.870914
26.668055
28.564533
30.520607
32.485218
34.3974
36.189365
37.791344
39.137836
40.174465
40.864285
41.192226
41.166656
40.81759
40.19196
39.346996
38.343143
37.23784
36.08106
34.91291
33.76306
32.651543
31.590303
30.585083
29.637196
28.74507
27.905457
27.11431
26.367382
25.660606
24.990307
24.353294
23.7469
23.168962
22.61778
22.09208
21.590954
21.113836
20.660458
20.230824
19.825195
19.444086
19.088253
18.758709
18.456728
18.183867
17.941982
17.733257
17.560226
17.425806
17.333317
17.286512
17.289598
17.347239
17.464546
17.647053
17.900654
18.231497
18.645828
19.14977
19.749016
20.448423
21.251518
22.159887
23.172472
24.284803
25.488218
26.76914
28.10854
29.4817
30.858444
32.20393
33.480137
34.647984
35.66999
36.51319
37.151924
37.57009
37.762474
37.73486
37.50298
37.09044
36.525997
35.840706
35.06527
34.227997
33.353428
32.461674
31.56834
30.684864
29.8191
28.976006
28.158327
27.367208
26.6027
25.864151
25.150518
24.460564
23.792997
23.14656
22.52008
21.912485
21.322813
20.75021
20.193918
19.653261
19.127634
18.616495
18.11935
17.635746
17.165262
16.70751
16.262121
15.828751
15.407067
14.996757
14.597519
14.209067
13.831127
13.463435
13.1057415
12.757807
12.419406
12.090326
11.770369
11.45935
11.157103
10.86348
10.578353
10.301618
10.033197
9.7730465
9.521155
9.277557
9.042335
8.81563
8.597655
8.388708
8.189185
