0.09
0.0838
0.080712005
0.08022628
0.0819732
0.08569407
0.091218896
0.09844971
0.107348
0.11792557
0.13023792
0.1443798
0.16048233
0.17871164
0.19926843
0.22238876
0.2483455
0.27745065
0.3100584
0.34656876
0.38743225
0.43315485
0.48430407
0.5415157
0.60550135
0.677057
0.7570726
0.84654266
0.9465778
1.0584179
1.1834465
1.323206
1.4794143
1.653984
1.84904
2.066941
2.310299
2.581999
2.8852181
3.22344
3.6004639
4.0204053
4.4876804
5.0069723
5.583163
6.221225
6.9260507
7.7022023
8.553549
9.48276
10.490627
11.5751505
12.730391
13.945046
15.200812
16.47061
17.71694
18.890745
19.93136
20.768303
21.325615
21.529196
21.316805
20.64928
19.520334
17.961704
16.041225
13.85351
11.50564
9.102069
6.7327137
4.466427
2.3497827
0.40963233
-1.3425053
-2.9057593
-4.28583
-5.4918747
-6.534363
-7.4237547
-8.169809
-8.78134
-9.266266
-9.631848
-9.885008
-10.032664
-10.082045
-10.04091
-9.917689
-9.721505
-9.462093
-9.1496315
-8.794507
-8.407043
-7.997227
-7.5744514
-7.147304
-6.723411
-6.309339
-5.910557
-5.5314507
-5.1753793
-4.8447614
-4.5411844
-4.2655225
-4.0180564
-3.7985923
-3.6065714
-3.441168
-3.3013768
-3.1860867
-3.0941434
-3.0243998
-2.9757564
-2.947193
-2.9377913
-2.946753
-2.9734101
-3.0172331
-3.0778341
-3.1549678
-3.24853
-3.3585544
-3.485209
-3.6287892
-3.7897108
-3.9685018
-4.1657915
-4.3822985
-4.6188145
-4.8761864
-5.1552925
-5.4570127
-5.782192
-6.131597
-6.505857
-6.9053993
-7.3303638
-7.7805047
-8.2550745
-8.752687
-9.271168
-9.807382
-10.35706
-10.914626
-11.473028
-12.0236225
-12.556108
-13.058564
-13.517611
-13.918745
-14.2468605
-14.486966
-14.625087
-14.649286
-14.550722
-14.324604
-13.97091
-13.494743
-12.906228
-12.219933
-11.453885
-10.6283
-9.7642
-8.882105
-8.000921
-7.137141
-6.304361
-5.513107
-4.770909
-4.0825524
-3.4504359
-2.874979
-2.355032
-1.8882598
-1.4714808
-1.1009551
-0.7726192
-0.48227182
-0.225716
0.0011375248
0.20219764
0.38114607
0.54141086
0.6861553
0.8182793
0.9404288
1.0550117
1.1642182
1.2700429
1.3743092
1.4786931
1.5847479
1.6939268
1.8076057
1.9271045
2.0537057
2.1886742
2.3332727
2.4887779
2.6564934
2.8377624
3.0339768
3.2465856
3.4771
3.7270944
3.9982061
4.292127
4.61059
4.9553485
5.328143
5.7306585
6.164462
6.6309233
7.13111
7.6656566
8.234595
8.837156
9.471524
10.134556
10.8214655
11.525481
12.237507
12.945815
13.635823
14.290026
14.888157
15.407674
15.824635
16.115013
16.256422
16.23012
16.023096
15.629903
15.053899
14.307593
13.411947
12.39468
11.287841
10.125069
8.93897
7.7589846
6.609944
5.5113516
4.477303
3.5168705
2.63477
1.8321557
1.1074241
0.4569499
-0.1242789
-0.6421427
-1.1029831
-1.5132954
-1.8795052
-2.2078123
-2.5040894
-2.7738206
-3.0220716
-3.2534811
-3.4722695
-3.6822574
-3.8868904
-4.0892677
-4.292171
-4.498095
-4.7092714
-4.9276943
-5.155137
-5.393166
-5.643149
-5.9062557
-6.1834536
-6.4754925
-6.782884
-7.1058736
-7.4444
-7.798049
-8.165999
-8.54696
-8.939099
-9.339978
-9.746479
-10.154743
-10.56012
-10.957143
-11.3395405
-11.700287
-12.031711
-12.325675
-12.573827
-12.767916
-12.900183
-12.96379
-12.953267
-12.864934
-12.69725
-12.451061
-12.1296835
-11.738829
-11.28635
-10.781844
-10.2361355
-9.66071
-9.067146
-8.466589
-7.8693233
-7.2844534
-6.719702
-6.181319
-5.6740937
-5.201431
-4.7654867
-4.367334
-4.007138
-3.6843348
-3.3978014
-3.1460056
-2.9271407
-2.7392383
-2.5802617
-2.4481814
-2.341033
-2.2569613
-2.1942525
-2.1513557
-2.1268973
-2.1196878
-2.1287246
-2.153191
-2.1924531
-2.246054
-2.3137083
-2.3952959
-2.4908545
-2.6005745
-2.7247915
-2.8639815
-3.0187547
-3.18985
-3.378129
-3.5845687
-3.8102536
-4.0563655
-4.324169
-4.614995
-4.930216
-5.2712154
-5.6393476
-6.0358834
-6.4619436
-6.9184127
-7.4058304
-7.9242606
-8.473128
-9.051029
-9.655508
-10.282808
-10.927604
-11.582721
-12.238886
-12.884516
-13.505615
-14.085826
-14.606696
-15.048233
-15.389777
-15.611208
-15.694437
-15.625054
-15.393939
-14.998592
-14.443927
-13.74233
-12.912917
-11.980057
-10.971386
-9.915628
-8.84054
-7.7712374
-6.7290497
-5.7309318
-4.7893605
-3.9126034
-3.1052222
-2.3686929
-1.7020495
-1.1024902
-0.5659121
-0.08735937
0.33861727
0.71768117
1.0555017
1.3576043
1.6292691
1.8754673
2.1008255
2.309613
2.5057445
2.6927943
2.874018
3.052378
3.2305732
3.4110672
3.5961168
3.7877984
3.9880316
4.1985993
4.4211636
4.6572766
4.908387
5.1758394
5.4608655
5.764572
6.087915
6.4316664
6.7963705
7.182286
7.5893164
8.016928
8.464049
8.928962
9.409179
9.901316
10.400963
10.902566
11.399335
11.883189
12.34477
12.773542
13.158
13.486007
13.745279
13.923996
14.011525
13.999196
13.881063
13.654552
13.320905
12.885338
12.35688
11.747875
11.073212
10.349373
9.593423
8.82204
8.050695
7.293047
6.5605497
5.8622913
5.2050095
4.593248
4.0296
3.515005
3.049053
2.6302838
2.25646
1.9248016
1.6321887
1.375323
1.1508574
0.95549375
0.78605485
0.6395347
0.5131309
0.40426224
0.3105761
0.2299469
0.16046861
0.10044317
0.04836581
0.0029089637
-0.03709472
-0.07266939
-0.104712635
-0.13401145
-0.16125716
-0.18705943
-0.21195906
-0.23643973
-0.26093867
-0.2858564
-0.31156537
-0.33841813
-0.36675444
-0.3969081
-0.42921305
-0.46400923
-0.50164807
-0.5424979
-0.58694905
-0.6354193
-0.68835896
-0.7462563
-0.8096432
-0.8791013
-0.9552678
-1.0388426
-1.1305951
-1.231372
